0.57318693
0.49554732
0.7723999
0.5623633
0.09232512
0.35407576
0.29017216
0.6338911
0.3674592
0.66915894
0.6601383
0.28516912
0.47362217
0.3547454
0.7072206
0.32769632
0.4703675
0.4671001
0.5137731
0.43535167
0.4213531
0.5986289
0.7706621
0.32997426
0.4344084
0.17408934
0.5251028
0.7255751
0.34516498
0.115020856
0.5195903
0.31820524
0.3330502
0.22598827
0.3089477
0.5653594
0.34728053
0.2788729
0.16509202
0.44523814
0.42077103
0.5509852
0.44522235
0.4576846
0.52578014
0.65546334
0.4989357
0.36569673
0.47254178
0.35671005
0.016038153
0.41354012
0.4763896
0.4395326
0.42867124
0.8296619
0.19015917
0.47986564
0.49405336
0.45753762
0.3743326
0.3532632
0.25566882
0.6952136
0.4271555
0.67082286
0.40350804
0.53583515
0.40962744
0.25952184
0.46683806
0.5687223
0.29007527
0.09963636
0.5163335
0.4893569
0.3602748
0.4304859
0.37986395
0.60647446
0.5976703
0.34537086
0.45701638
0.2785561
0.5596848
0.49426013
0.7270168
0.61685073
0.25679606
0.1041584
0.29515535
0.5784595
0.48922098
0.46143153
0.5880049
0.4546145
0.10931957
0.43798494
0.68303305
0.6362052
0.30072954
0.5121294
0.78516096
0.13118199
0.7932296
0.27053183
0.7385283
0.45370844
0.6015525
0.22994965
0.25708315
0.8093784
0.5164237
0.18856019
0.29775342
0.30324867
0.17491797
0.5115575
0.39305428
0.5545054
0.3160719
0.25644058
0.51133436
0.592161
0.41591346
0.09465968
0.019615076
0.40150976
0.38509595
0.3331634
0.51692265
0.576662
0.48980713
0.4919861
0.521443
0.2794516
0.49471405
0.30276915
0.47048837
0.56242424
0.6406986
0.09229657
0.40834197
0.10440992
0.7274928
0.29207426
0.4764985
0.4620143
0.40162143
0.5046938
0.46428367
0.7223448
0.22275895
0.6430951
0.4671834
0.5544157
0.3405508
0.419773
0.20462748
0.19038227
0.4945091
0.24117255
0.8316479
0.48958662
0.33905584
0.2688793
0.36047277
0.43466765
0.37331322
0.6387257
0.56109256
0.32399246
0.39815792
0.38185918
0.38892627
0.72364247
0.07052988
0.33931133
0.47801742
0.7053121
0.56363136
0.095145345
0.36846656
0.428982
0.6321959
0.33335707
0.21324721
0.3872973
0.21338204
0.19017893
0.09439978
0.64733225
0.23708752
0.0377571
0.5032249
0.32988244
0.475788
0.38339
0.466371
0.38102645
0.112268806
0.5440045
0.16733375
0.6382117
0.3320787
0.4751866
0.30411637
0.41992566
0.6855144
0.5089338
0.57147145
0.41018844
0.18130738
0.19819474
0.110075764
0.5017896
0.7834916
0.3995042
0.17241272
0.3778058
0.2938886
0.19390404
0.5379045
0.56753373
0.46406212
0.33399066
0.26530266
0.5428794
0.3627457
0.5802231
0.2537521
0.30049884
0.7392307
0.1619915
0.6249907
0.4377306
0.48372245
0.31957793
0.3698191
0.39406586
0.56613266
0.47921067
0.5093159
0.51067907
0.5736637
0.2484791
0.1500077
0.20960286
0.16741541
0.7371519
0.64952856
0.80445564
0.35197744
0.35162288
0.5609859
0.6532343
0.59884435
0.52167386
0.6700518
0.35219502
0.4153402
0.3280641
0.42501667
0.21671617
0.5510359
0.34999046
0.5599073
0.62867075
0.17270881
0.1313673
0.37942263
0.21590394
0.8675635
0.3390067
0.7202416
0.086385176
0.24841502
0.40715048
0.6798149
0.35544685
0.48089746
0.55770147
0.3474307
0.5907785
0.26350757
0.7422776
0.4145478
0.3421318
0.2527685
0.271421
0.32535636
0.44453335
0.53068376
0.4196417
0.7378103
0.48100364
0.41546643
0.34814775
0.22172049
0.35630423
0.1797944
0.29985136
0.61103004
0.40277883
0.578817
0.5289559
0.2366164
0.28338614
0.41345936
0.5181494
0.35906997
0.19817853
0.3295574
0.71660507
0.16771016
0.38088942
0.23612568
0.30148032
0.39331278
0.0030900799
0.5335665
0.043999054
0.45540258
0.5949299
0.7025761
0.5151799
0.35406262
0.19533417
0.46127114
0.3117795
0.82565457
0.34197932
0.33299577
0.60099584
0.28108108
0.5901865
0.6585086
0.26801535
0.8143548
0.5666473
0.50298905
0.09961859
0.7183326
0.4758986
0.5175375
0.7954348
0.25933167
0.3649213
0.33410597
0.0872931
0.33825305
0.4187159
0.599984
0.50083727
0.48915586
0.46825
0.81316286
0.48328713
0.5257262
0.15430623
0.46126097
0.21568364
0.43849012
0.2751471
0.33499372
0.51425785
0.51959175
0.39986184
0.5608208
0.47365978
0.5429374
0.30424
0.35398582
0.18063468
0.564838
0.38744664
0.26678094
0.32078925
0.49748707
0.43154222
0.23088416
0.40551075
0.51755434
0.56731856
0.37146622
0.23485738
0.42271852
0.6772222
0.24853384
0.77350694
0.31966853
0.422477
0.39775956
0.6922048
0.7997584
0.5027489
0.35301778
0.69850296
0.7967707
0.35037237
0.20697013
0.16495681
0.42149374
0.29633284
0.54465187
0.48249546
0.47940558
0.33822381
0.35357493
0.36070868
0.16110185
0.5085038
0.55112076
0.7900718
0.77404845
0.43770602
0.26128072
0.5720844
0.18820465
0.35395855
0.54132104
0.46755403
0.3990918
0.5748986
0.54462427
0.63540864
0.36939666
0.50747985
0.7204646
0.4318179
0.5493198
0.614504
0.34491223
0.8414008
0.36917377
0.7212852
0.3341776
0.29149425
0.73876035
0.2221055
0.33799794
0.346083
0.43621102
0.30125785
0.14205745
0.73946714
0.20226324
0.602495
0.12611386
0.34264448
0.47227323
0.25898087
0.4305867
0.652989
0.63554245
0.39633828
0.19427353
0.2797712
0.60584
0.35052165
0.47551346
0.59097993
0.37732702
0.23522994
0.56208694
0.7400222
0.43322584
0.57151616
0.28425017
0.028174113
0.59785986
0.49858183
0.2811681
0.7430502
0.36290765
0.31988454
0.5851516
0.40018925
0.31840235
0.32325396
0.25944525
0.59811974
0.7361669
0.37175456
0.5085084
0.75626624
0.117784806
0.4980912
0.6291193
0.36557633
0.642427
0.4922594
0.3260828
0.6564446
0.33764556
0.36813626
0.092354365
0.14939848
0.70380646
0.69647044
0.27983966
0.35361472
0.70921147
0.14765349
0.37741026
0.569973
0.30335712
0.8428403
0.4377461
0.5322188
0.70070046
0.47330838
0.5000258
0.5404674
0.1861724
0.29792705
0.29984173
0.39126128
0.75197697
0.49928275
0.2992817
0.1760149
0.14779983
0.3629618
0.3615002
0.56004715
0.36467162
0.31683272
0.6191953
0.34722656
0.5199894
0.28606355
0.45934844
0.22370669
0.5529665
0.49670163
0.47788665
0.4967394
0.7679834
0.40933254
0.57842714
0.22015357
0.30174956
0.5925741
0.72036135
0.5515625
0.6294045
0.8024373
0.035533726
0.5354817
0.52709717
0.5773179
0.22512937
0.64484733
0.27548093
0.2577604
0.123124786
0.7492621
0.24291882
0.39116758
0.45858467
0.438248
0.8118608
0.41807497
0.42749798
0.36104295
0.31669065
0.6356456
0.82224447
0.40817654
0.40761274
0.8024003
0.46417886
0.19805273
0.1548214
0.5328912
0.47758567
0.55643344
0.784402
0.67188925
0.5658262
0.28796104
0.23621407
0.7901242
0.39149672
0.22536358
0.47789708
0.22478393
0.37988696
0.29117668
0.36722445
0.51141554
0.812386
0.28426298
0.60561234
0.5721449
0.61996263
0.4732781
0.6458705
0.26077095
0.61607957
0.4772314
0.32489607
0.5414747
0.48819453
0.47197545
0.461704
0.61212176
0.15874672
0.54234445
0.64610755
0.48463118
0.5863048
0.62402433
0.79889876
0.15585291
0.18884921
0.22262508
0.3872753
0.4170807
0.607499
0.17353863
0.5450806
0.27974838
0.69996846
0.40777323
0.39786893
0.5083939
0.39497882
0.7349401
0.07496525
0.6117302
0.4800204
0.57238984
0.17854473
0.21188042
0.46830907
0.46779355
0.4401881
0.36302432
0.88473374
0.18334886
0.6560345
0.5450931
0.34664997
0.64645547
0.18562165
0.7506602
0.28390005
0.5471294
0.65310216
0.15809444
0.21894702
0.3957572
0.36547053
0.11992768
0.5097668
0.44852436
0.55672747
0.54742116
0.6454996
0.658344
0.4036441
0.46662512
0.627777
0.44062465
0.3226866
0.55155385
0.56486416
0.5738688
0.2754368
0.15334266
0.73682755
0.24689028
0.24140275
0.35334134
0.594299
0.7281646
0.52042377
0.5350158
0.09872761
0.6643278
0.46211976
0.3324738
0.21385175
0.7244707
0.40009162
0.32954693
0.38649338
0.25297308
0.14426538
0.6331088
0.8156431
0.6440857
0.21194938
0.57213044
0.2840447
0.5186774
0.79817086
0.3720905
0.2601197
0.3650719
0.4330208
0.4530533
0.56257504
0.09252709
0.64490396
0.639213
0.354892
0.2749329
0.5603967
0.6719422
0.53434986
0.50273913
0.4611581
0.61265665
0.41869053
0.5295995
0.26852202
0.54581296
0.38664806
0.42045736
0.3603695
0.31789267
0.3188758
0.4938744
0.44419536
0.20481989
0.44845438
0.569185
0.5185353
0.4159849
0.050004188
0.3563745
0.21402326
0.6689941
0.5722858
0.5866264
0.5388713
0.38279647
0.25015044
0.36282128
0.45089734
0.25075787
0.5552594
0.15460962
0.58167034
0.40785065
0.54123086
0.4068643
0.33582
0.5190939
0.14740258
0.18306664
0.118257724
0.76402944
0.63055134
0.336951
0.7192643
0.32280824
0.55293554
0.6899553
0.43119675
0.28361484
0.5820492
0.26379392
0.27640125
0.39266667
0.46845278
0.377424
0.17944539
0.44418508
0.26425084
0.35207376
0.32175577
0.861155
0.5995526
0.7504947
0.17501175
0.31502253
0.74002486
0.22967952
0.17271648
0.6266769
0.4748619
0.85150456
0.3057419
0.42662784
0.77644753
0.25728285
0.39022017
0.4869052
0.55430204
0.6822295
0.5125094
0.5870487
0.6648202
0.47566423
0.3329242
0.37360016
0.6027103
0.5328232
0.5930001
0.60936004
0.24164632
0.31438082
0.5682186
0.5435662
0.5305361
0.56862885
0.4987216
0.39447114
0.4131348
0.68177104
0.29288316
0.5285847
0.6368716
0.40521866
0.17316589
0.055781312
0.46423924
0.45288226
0.5500213
0.30884653
0.5783307
0.3653546
0.7623305
0.72383404
0.74060345
0.5527702
0.6099263
0.43209082
0.14892495
0.40155888
0.24135289
0.55050385
0.41473526
0.45073834
0.36304805
0.400269
0.49208623
0.5084575
0.6232217
0.32832578
0.2886838
0.40295124
0.25198525
0.24484113
-0.0036766343
0.6624036
0.85368663
0.6628834
0.509299
0.8236908
0.65068704
0.4680652
0.40937525
0.45318207
0.25716177
0.5152266
0.55338496
0.23863032
0.5147568
0.35317582
0.52011406
0.4996813
0.18614349
0.1315872
0.37964863
0.82801247
0.34921622
0.10514888
0.59553814
0.35268414
0.5123907
0.49496654
0.39883125
0.70116717
0.3218296
0.08554635
0.53344584
0.27693057
0.14721066
0.49815547
0.31339556
0.36893794
0.38793755
0.42755246
0.714895
0.5627633
0.71570855
0.5416155
0.5724716
0.6632802
0.38969243
0.26119846
0.44520444
0.39081144
0.4104035
0.41079354
0.4964277
0.44011804
0.5535636
0.38630167
0.5425495
0.47280005
0.4971856
0.5514569
0.64464766
0.7411354
0.5176098
0.22675726
0.51556677
0.8223419
0.4194971
0.4265176
0.39940625
0.3345944
0.3172281
0.30615816
0.09334955
0.6684417
0.13155673
0.24179626
0.47498658
0.20038387
0.2241568
0.6758045
0.58079416
0.46253648
0.27875492
0.2866521
0.4524084
0.37188917
0.58883363
0.6762653
0.40419483
0.16879359
0.31565467
0.23550999
0.52016395
0.45073727
0.045668937
0.17557001
0.41544884
0.42373744
0.5967887
0.67094034
0.73268354
0.13498354
0.23048526
0.51137555
0.645631
0.5112778
0.46820462
0.2269682
0.14972618
0.5312758
0.5439732
0.48375994
0.5938614
0.48179668
0.30646795
0.37298673
0.50035226
0.4983534
0.7125137
0.4805962
0.38515323
0.7544651
0.6432805
0.6131189
0.4430919
0.62670493
0.41015184
0.4531672
0.45931238
0.057124384
0.67279214
0.29819262
0.28577164
0.5771767
0.48728135
0.32393634
0.3863024
0.5864978
0.45569342
0.5489664
0.46102765
0.43591088
0.32598844
0.06500301
0.28129554
0.07624897
0.45346728
0.07492645
0.84502804
0.39446014
0.81643635
0.49215317
0.18103948
0.26954466
0.4894601
0.37158415
0.27183953
0.62219775
0.6260886
0.47512466
0.7901679
0.41032645
0.29848677
0.59843814
0.23631471
0.34196404
0.66951483
0.37937468
0.5265433
0.29888275
0.41689795
0.48134208
0.19430384
0.17752004
0.7075356
0.2916511
0.30158898
0.52809596
0.2665873
0.4691996
0.48116174
0.28485644
0.8424989
0.5774697
0.698198
0.38722423
0.069497734
0.25089166
0.5368078
0.11194682
0.793305
0.63196313
0.53782964
0.7057037
0.08615419
0.5831524
0.51176494
0.61906713
0.3972569
0.13827766
0.18925947
0.13094157
0.43406156
0.75755227
0.542076
0.3791406
0.21070161
0.63653815
0.72163653
0.6452954
0.24935657
0.6037876
0.3187544
0.5222657
0.22707686
0.37559578
0.21079084
0.6106642
0.44480467
0.5738856
0.3145769
0.38969788
0.41101936
0.5401803
0.4385187
0.5689952
0.32632053
0.31057832
0.32065398
0.35001442
0.73242193
0.27495545
0.12712115
0.1864722
0.39679465
0.535336
0.39764142
0.38209173
0.50932443
0.27009442
0.43050227
0.4140154
0.5834472
0.34199962
0.273047
0.59178525
0.6319253
0.70218825
0.5410921
0.07024367
0.293629
0.75197524
0.57128567
0.85200894
0.80068016
0.3503101
0.3794625
0.2464816
0.22060785
0.4932771
0.17908296
0.7056961
0.50860846
0.36038178
0.33650577
0.6908567
0.28990784
0.46441075
0.38062584
0.39719582
0.30985293
0.737409
0.8452987
0.49082434
0.5872976
0.5268636
0.15241095
0.48548412
0.7292671
0.4226551
0.43297136
0.10046899
0.5016905
0.48097208
0.37281424
0.58695346
0.6534423
0.16714218
0.6833395
0.5164948
0.3574283
0.5314332
0.42498916
0.49471626
0.21089417
0.44835258
0.34512407
0.8422369
0.5178835
0.15542828
0.44470453
0.58163935
0.36719787
0.15678969
0.18599394
0.6658979
0.5059655
0.34880418
0.26477593
0.49479705
0.63551676
0.7573019
0.27336285
0.37684238
0.5554083
0.24007109
0.38027236
0.71786463
0.46709087
0.5937694
0.62614524
0.33004054
0.4927414
0.54528505
0.40570003
0.55722076
0.4958352
0.7169668
0.62298787
0.33863923
0.78729177
0.42422462
0.16548952
0.1815474
0.50836414
0.5001009
0.37109035
0.21587932
0.3871777
0.22469959
0.52334166
0.6121124
0.47844154
0.7357212
0.6831497
0.48691732
0.7456573
0.27255976
0.45774662
0.3657943
0.27158925
0.4567995
0.22017488
0.3196843
0.38913053
0.41189286
0.5261424
0.5608355
0.347518
0.45432907
0.5068646
0.5665226
0.39801896
0.42957765
0.62900776
0.6864406
0.7376269
0.28898954
0.58922577
0.3268904
0.3272434
0.44148126
0.31869754
0.38237947
0.69552326
0.44468877
0.27874225
0.7442187
0.73276573
0.686712
0.7364799
0.33117235
0.39678645
0.49240342
0.58427674
0.43260983
0.6284055
0.15345219
0.6651531
0.105435506
0.3446455
0.7717986
0.38592732
0.60411847
0.10513008
0.50531155
0.5977565
0.30170026
0.41334468
0.6938823
0.81463385
0.6696302
0.29738694
0.20957229
0.5376421
0.42898223
0.48157153
0.38828897
0.3971079
0.117766336
0.08808716
0.3208829
0.19306028
0.34371164
0.61164916
0.5513523
0.17165193
0.54985034
0.63850266
0.45413482
0.5901616
0.35054022
0.16607894
0.28218746
0.21172842
0.17488682
0.82131493
0.33846515
0.36588135
0.2649424
0.37068704
0.33496666
0.38641787
0.48861313
0.4249063
0.6653897
0.21724573
0.34354246
0.51205593
0.27303392
0.72149134
0.6234035
0.24881354
0.511059
0.3083764
0.4558794
0.20519012
0.3523508
0.70396763
0.25443223
0.29712126
0.6354437
0.7208681
0.53915197
0.7065765
0.57708895
0.6642836
0.6847877
0.42950422
0.5759813
0.52172446
0.5756936
0.46999773
0.62092805
0.28177616
0.13697675
0.5761265
0.20475209
0.33543462
0.7830249
0.32326865
0.62055314
0.43621653
0.29059604
0.2557934
0.40038067
0.566824
0.43285406
0.33440542
0.101556614
0.5243261
0.26742855
0.3189437
0.5425022
0.6153853
0.49830553
0.24140099
0.5353063
0.1356414
0.20287213
0.32745138
0.4181412
0.31290814
0.43375468
0.17349327
0.36492923
0.31997952
0.4602766
0.57225937
0.22010064
0.40989456
0.113969535
0.636133
0.57303715
0.50229007
0.29359686
0.54322886
0.32997632
0.38715973
0.67399687
0.5369696
0.32559583
0.3046678
0.23482823
0.37746257
0.27900466
0.5768917
0.36958787
0.08538157
0.43231478
0.67884856
0.18682587
0.5792132
0.5334881
0.3373182
0.31143123
0.7406825
0.15711385
0.48683748
0.30785784
0.59398
0.31474626
0.48267052
0.7649422
0.5553101
0.36463565
0.4367507
0.3578323
0.3646483
0.5077977
0.50899863
0.8145666
-7.83056e-06
0.51217896
0.5756449
0.48871988
0.4952665
0.24078372
0.49316806
0.6068844
0.7015955
0.34136456
0.3567109
0.50208163
0.5436741
0.34162664
0.45317733
0.46078095
0.640127
0.29347357
0.15876494
0.28608477
0.1572753
0.48179087
0.4811641
0.33596972
0.6135211
0.68362975
0.09016827
0.21380723
0.36074913
0.45749906
0.31572807
0.2891043
0.5138761
0.60575104
0.4866543
0.54182106
0.8238375
0.46180218
0.5277505
0.6282211
0.31417572
0.28350735
0.7307617
0.5342396
0.21107027
0.24184567
0.6114678
0.26544982
0.46240216
0.7094281
0.81346834
0.528534
0.8160736
0.75112534
0.16686237
0.2899953
0.7657022
0.5885605
0.38175955
0.5131993
0.6497733
0.14487693
0.43528965
0.38129786
0.6707124
0.4227211
0.24395317
0.3686568
0.6551186
0.30404338
0.15462983
0.5841259
0.17017254
0.05704121
0.799613
0.24880737
0.6417498
0.45444408
0.43375868
0.55874336
0.6142703
0.49067202
0.44818005
0.43234077
0.7197785
0.47190356
0.5378759
0.82601094
0.34514016
0.2785086
0.19341302
0.24252537
0.34767088
0.7379249
0.2156859
0.19505152
0.24217832
0.5346944
0.47920325
0.63993603
0.42139935
0.31553084
0.36012074
0.3525481
0.54627097
0.19734585
0.3663533
0.60144436
0.47098365
0.6562178
0.4123137
0.44732478
0.35255355
0.44556135
0.56236225
0.64450544
0.42056137
0.3124714
0.6471386
0.46794748
0.32013828
0.5222646
0.44953647
0.45608285
0.28053162
0.21068797
0.2941578
0.4164756
0.48427868
0.7071268
0.4499044
0.5922015
0.2744101
0.38558543
0.4982113
0.4856722
0.29196066
0.47548962
0.3761341
0.6370551
0.5860835
0.5394285
0.1613527
0.50891834
0.44097143
0.29356283
0.51837444
0.16661799
0.52888054
0.54836863
0.33372712
0.27077323
0.367504
0.45572412
0.36030114
0.14448306
0.33105412
0.5163384
0.67462426
0.42801282
0.19898403
0.14073294
0.33012816
0.41618574
0.22652522
0.38014463
0.86446416
0.7257752
0.6224336
0.34821874
0.45422387
0.4648616
0.32990816
0.61488044
0.21185729
0.5628818
0.46569422
0.26638475
0.1567241
0.21287417
0.7382344
0.4658871
0.26458573
0.41463426
0.51518744
0.18071046
0.3632003
0.56345093
0.32464516
0.33834928
0.7008058
0.40226164
0.16389784
0.099300064
0.28914577
0.68547434
0.4071106
0.6302853
0.43122327
0.3093255
0.6608117
0.3760671
0.265825
0.55289924
0.21204558
0.7005751
0.45162088
0.2792619
0.30057776
0.13389102
0.62351626
0.17323077
0.59093684
0.6908307
0.38771933
0.4078911
0.5376404
0.2412399
0.33132353
0.3274985
0.36904198
0.48299414
0.34501103
0.5786835
0.18916553
0.4319369
0.64428747
0.29311275
0.15494028
0.6213475
0.6929978
0.33829707
0.3467922
0.6106089
0.56536716
0.45007074
0.42636466
0.20370463
0.56569195
0.7373442
0.3630406
0.3511973
0.56495535
0.49787304
0.5542099
0.60011095
0.12691596
0.5433484
0.2337077
0.24381599
0.47204822
0.46215937
0.34582636
0.665155
0.80875725
0.47428316
0.4166936
0.115212575
0.44167596
0.77886546
0.53693134
0.53042436
0.46964368
0.4119218
0.0018587671
0.17546016
0.5641194
0.71344143
0.6185433
0.67633355
0.6625664
0.45607474
0.47050375
0.5565726
0.43151948
0.2504336
0.3904618
0.7885168
0.33982772
0.38698354
0.76248443
0.4133303
0.5250265
0.39997768
0.21655107
0.36625928
0.27805382
0.6674473
0.08961298
0.34418198
0.35786396
0.75661653
0.14065558
0.082842425
0.4289913
0.15904522
0.47459802
0.31076312
0.18691456
0.23810112
0.75324464
0.14075258
0.47532532
0.3829706
0.28887618
0.40386432
0.12632772
0.51684636
0.020744935
0.2509704
0.31571692
0.40038347
0.33449766
0.7309604
0.23347452
0.5139442
0.10855608
0.62370425
0.47474864
0.35473382
0.34057313
0.52210534
0.2402735
0.19561216
0.36830312
0.44433302
0.440878
0.32479942
0.4997075
0.26526353
0.57695043
0.36121514
0.5237094
0.75589174
0.61532605
0.42923626
0.25300777
0.39900407
0.3912245
0.44699898
0.68242836
0.315538
0.38974637
0.7896832
0.6480431
0.6639521
0.31540367
0.099768564
0.50142324
0.6233272
0.6363134
0.45019683
0.48401174
0.55660963
0.46871608
0.41559088
0.45289716
0.05528668
0.32121903
0.3372183
0.23253188
0.20293579
0.08490224
0.43693492
0.07797681
0.7038498
0.5795727
0.54521245
0.69220454
0.5557582
0.499092
0.6360366
0.34253109
0.09859583
0.3383529
0.7112022
0.41612878
0.3898395
0.51457524
0.2438187
0.15906268
0.22382915
0.6775421
0.1496934
0.331805
0.14152536
0.36203495
0.27135652
0.30022347
0.27863565
0.50397056
0.12756401
0.32802084
0.58425295
0.3331169
0.20831147
0.6721543
0.12495933
0.57910246
0.5696033
0.5510701
0.288003
0.60353523
0.399853
0.3629465
0.36097056
0.8599469
0.29449868
0.17584947
0.5670322
0.5393876
0.39427152
0.2697662
0.3024804
0.521319
0.4094674
0.3351579
0.36212415
0.48559016
0.43446678
0.76576793
0.5169783
0.36985508
0.5590152
0.32841748
0.44037625
0.27785304
0.64000195
0.23362097
0.46122912
0.44251594
0.45188716
0.6448084
0.61892164
0.28807357
0.20722836
0.2264367
0.29250172
0.11920682
0.2757438
0.25453797
0.41887698
0.18126959
0.5199074
0.45174503
0.6244968
0.3201898
0.73023504
0.25669202
0.66816
0.5586442
0.5578669
0.74776053
0.12439502
0.5752566
0.5548694
0.43601072
0.3630119
0.48906133
0.19865504
0.43732592
0.48864642
0.5892541
0.49244648
0.53438324
0.7724007
0.3079095
0.51478875
0.3704045
0.64449453
0.36919796
0.15218607
0.5321021
0.35734573
0.8202335
0.67625195
0.6175914
0.5597241
0.7827342
0.6667836
0.3414385
0.19529113
0.41703188
0.44075435
0.09446514
0.29387653
0.30028248
0.4754852
0.30113143
0.53032464
0.62432945
0.63622445
0.31794143
0.46201783
0.16875973
0.3667027
0.09666642
0.39589787
0.70605385
0.60411525
0.4774706
0.44186106
0.34809932
0.45310712
0.5805358
0.68890625
0.5535957
0.30239794
0.5542001
0.312333
0.5214734
0.3383325
0.49639642
0.44135576
0.1565235
0.37414402
0.59655774
0.18852219
0.42627463
0.62707305
0.6564156
0.87432575
0.46662298
0.5913499
0.118353136
0.4707365
0.7506499
0.24011415
0.65295744
0.26045033
0.5510072
0.4863928
0.26784956
0.6051429
0.56462264
0.5351031
0.35286295
0.49171272
0.39645636
0.3796301
0.74934775
0.8536296
0.23101032
0.6278612
0.5223255
0.33848146
0.40046045
0.22631943
0.4056211
0.15077391
0.08049569
0.40526333
0.59152806
0.44922194
0.26491934
0.59381837
0.55322546
0.30000854
0.84220165
0.5271851
0.51932764
0.40998417
0.18843636
0.28891557
0.72066534
0.56987756
0.10379435
0.6194579
0.5749392
0.33032265
0.3391667
0.34897014
0.3934867
0.57759196
0.3255124
0.8035707
0.5172053
0.7709738
0.13909167
0.36924535
0.47063974
0.11467311
0.30759305
0.29398012
0.3499618
0.69515455
0.5336892
0.6348477
0.31919205
0.3451129
0.18450508
0.27103338
0.42188475
0.52995324
0.5777506
0.2272588
0.31068397
0.4663722
0.58647686
0.3681562
0.7241943
0.24453789
0.40970808
0.3451807
0.27167886
0.64169216
0.29650524
0.3706984
0.6622679
0.3802172
0.21317357
0.5135583
0.555284
0.32545927
0.52853584
0.27494964
0.43359587
0.580473
0.77601534
0.56212425
0.384429
0.5243483
0.5175038
0.5227465
0.8177718
0.2443879
0.3872459
0.23428771
0.5356991
0.1921992
0.47221097
0.0827108
0.72262377
0.45396417
0.47946897
0.69119436
0.778282
0.35477784
0.17246215
0.30142707
0.47177622
0.3776658
0.14065859
0.5066378
0.27915204
0.11075115
0.24152717
0.56177765
0.59810185
0.49890634
0.45932508
0.8154974
0.6256141
0.18369162
0.18697214
0.23528844
0.2904002
0.27963358
0.28449208
0.42901164
0.37925985
0.2922024
0.25204852
0.20155698
0.69980204
0.49965376
0.14224762
0.79214966
0.38779676
0.65358603
0.466926
0.36549464
0.49250948
0.3130858
0.49512592
0.49861723
0.77719986
0.5238614
0.20363742
0.5488737
0.75321835
0.56649977
0.40520278
0.6274527
0.5178653
0.17983133
0.6341408
0.32306758
0.23032403
0.18742615
0.37288815
0.46149153
0.5902351
0.367653
0.56470895
0.3592822
0.5593098
0.42975572
0.3198909
0.34310412
0.5833612
0.4483571
0.57309425
0.24568337
0.21264377
0.6122615
0.6675431
0.6154275
0.54212934
0.36712345
0.3796336
0.39965922
0.64595824
0.55092025
0.20585829
0.7600478
0.39618587
0.7468992
0.8151557
0.5121518
0.45701814
0.32756692
0.51305467
0.75548226
0.41644076
0.26428002
0.22421715
0.40995485
0.14920622
0.39670274
0.20243421
0.8116889
0.54971683
0.56121176
0.2360785
0.20264995
0.28582045
0.09960063
0.3390437
0.6671311
0.6140636
0.28891724
0.122649625
0.69905716
0.6361072
0.29273048
0.42632103
0.40163562
0.41146904
0.70994824
0.33888754
0.31942013
0.14635172
0.34454727
0.36112297
0.24276873
0.43567026
0.121675804
0.65225154
0.6785811
0.6364576
0.5649493
0.2016047
0.5440194
0.4392464
0.31504354
0.60585344
0.11707753
0.36495394
0.26510093
0.19371456
0.35052663
0.38125533
0.34390408
0.4404911
0.35778007
0.4958766
0.54374
0.3083977
0.34947878
0.40176582
0.5497128
0.7502056
0.5198097
0.101637274
0.74248755
0.43754402
0.33173555
0.09830406
0.55316705
0.48469028
0.32756332
0.6278876
0.66689944
0.33547467
0.24021494
0.22563565
0.6101564
0.5632244
0.50814664
0.4782604
0.29313755
0.3292301
0.43267128
0.4613515
0.27984396
0.4203201
0.2783137
0.63671976
0.3172638
0.36674908
0.71868443
0.33251387
0.51079744
0.7462882
0.50605685
0.6298675
0.53579074
0.2554822
0.6666686
0.54579943
0.4085064
0.11397916
0.39679876
0.704618
0.5540815
0.33545774
0.36746687
0.68392605
0.40896204
0.31846341
0.41417164
0.186517
0.47945684
0.40718856
0.47836792
0.49397042
0.055296995
0.090631366
0.6709307
0.42731982
0.5406003
0.009975642
0.4865397
0.2653161
0.6045208
0.6203375
0.36564758
0.41238588
0.28540665
0.40746602
0.32086307
0.1093331
0.47226208
0.26442707
0.68990195
0.4160372
0.59974545
0.57561433
0.32271343
0.22211605
0.6126585
0.4259951
0.736459
0.5303885
0.28642178
0.5771308
0.3321563
0.621448
0.16529953
0.45940295
0.42330864
0.3398068
0.71042264
0.43452224
0.08396277
0.44716328
0.21697962
0.5659822
0.6748496
0.39809486
0.65443826
0.20399517
0.37252817
0.15736312
0.62720674
0.6935934
0.4800029
0.13775378
0.16047105
0.42834753
0.49075985
0.11724409
0.66065747
0.3503211
0.4956513
0.70179296
0.31342152
0.5663437
0.71430606
0.37079027
0.78191423
0.62604725
0.57671607
0.74005634
0.05108088
0.4569785
0.07298753
0.6111524
0.4571377
0.6389068
0.15690878
0.4709306
0.48210976
0.79897666
0.4403204
0.3611374
0.7564538
0.7921985
0.52474546
0.70109516
0.67298937
0.1479376
0.03685687
0.399167
0.33819878
0.31855068
0.11831186
0.39908737
0.6288657
0.67843235
0.29665235
0.3582943
0.51113427
0.21033168
0.54646766
0.63583815
0.44602206
0.047368787
0.021026894
0.5939842
0.7531088
0.79819286
0.58008367
0.36772466
0.5807301
0.6907634
0.3376236
0.28840935
0.5588628
0.24918544
0.4067582
0.23487458
0.40262008
0.32817513
0.4426628
0.30160838
0.27473253
0.46786517
0.40833816
0.2026554
0.16796935
0.58889145
0.30487874
0.7518065
0.48151606
0.45247573
0.6417008
0.6957745
0.4834045
0.4813644
0.38976264
0.24807116
0.43628395
0.42928457
0.71983707
0.22939894
0.31432799
0.6182708
0.2967284
0.0682724
0.6051665
0.17899081
0.47883144
0.49497542
0.5664569
0.2989994
0.3329284
0.3456022
0.39632905
0.46152452
0.6395661
0.37201783
0.34472695
0.51438326
0.26953825
0.5629384
0.26931632
0.20238873
0.5988832
0.32013136
0.3624507
0.13535362
0.7619608
0.5652112
0.67243654
0.2596364
0.53038347
0.8235705
0.47882473
0.34461734
0.5286006
0.61883605
0.41235858
0.5431809
0.2816864
0.59678984
0.2617491
0.6930079
0.55582386
0.65410775
0.5630883
0.6379036
0.21528402
0.74961793
0.36011755
0.30636093
0.4739664
0.7497118
0.1752088
0.51531
0.058581654
0.5133908
0.5907846
0.24470213
0.31910506
0.545103
0.1327787
0.6483977
0.13302568
0.36235493
0.19621542
0.62275046
0.18289503
0.8124322
0.30525795
0.67174035
0.54585165
0.4180575
0.39592725
0.31762707
0.4057152
0.7877137
0.42275485
0.44592604
0.25225824
0.40152624
0.16997015
0.54911965
0.8221812
0.42139703
0.32960424
0.30826643
0.18710512
0.14146179
0.075915426
0.740161
0.7606869
0.3691157
0.4716841
0.89997166
0.46046537
0.38434562
0.47311175
0.67614424
0.45544875
0.21659473
0.57410175
0.4756751
0.51542336
0.5202447
0.43702722
0.085881084
0.21863031
0.41048998
0.40028554
0.66768324
0.7253519
0.56193745
0.54224235
0.6396591
0.4396335
0.75147265
0.403079
0.259791
0.53562623
0.15545571
0.5946637
0.47903818
0.20187682
0.4839671
0.50919014
0.51184577
0.1640887
0.44999385
0.21240449
0.48282617
0.07201504
0.4705611
0.39426082
