45 33
6 32
31 32
1 5
6 25
3 4
52 24
49 7
0 23
47 30
35 30
33 30
36 19
56 38
25 13
39 19
16 15
51 23
8 44
1 36
13 32
8 24
11 37
5 42
19 48
32 25
52 18
36 9
8 21
48 44
20 13
48 46
56 42
38 26
40 22
1 43
17 22
12 36
13 12
52 39
29 26
7 40
27 30
23 20
18 1
50 24
3 30
4 30
47 21
34 35
41 48
2 3
3 35
45 49
23 24
30 27
17 32
55 9
30 12
34 15
34 1
41 17
7 20
0 0
19 27
32 14
54 21
47 8
51 17
47 39
51 38
44 28
27 29
55 37
9 9
1 9
32 35
20 34
44 15
44 43
30 35
41 1
49 38
51 22
53 36
43 27
27 31
24 19
26 21
21 22
51 7
32 5
4 8
25 24
15 14
40 34
16 46
31 2
36 5
29 46
15 16
54 22
14 0
17 4
30 4
42 44
41 8
46 46
48 7
46 26
17 0
6 2
27 23
20 12
37 14
13 47
1 41
1 45
52 12
42 17
49 19
1 20
28 45
13 4
23 9
2 33
39 14
52 9
21 37
20 22
16 8
28 0
17 10
43 18
36 49
29 19
33 9
40 32
53 26
37 31
4 49
6 9
4 44
44 48
27 20
2 1
49 16
7 12
43 0
54 49
49 11
55 20
19 43
43 38
13 29
36 10
16 40
2 27
0 36
26 9
12 41
26 15
55 36
38 43
24 42
12 4
47 44
13 31
56 1
36 34
11 13
45 9
13 41
27 38
14 22
35 13
0 33
23 10
15 17
16 29
30 1
49 12
55 25
2 42
11 29
53 15
2 36
3 44
13 10
50 8
20 38
14 21
29 34
33 10
11 47
18 35
14 20
28 1
13 15
33 38
40 9
14 42
30 36
52 23
3 27
52 31
18 14
1 0
16 13
53 47
51 28
32 31
27 42
38 41
5 14
25 38
44 20
39 33
23 2
2 16
36 39
40 31
4 39
6 45
48 27
37 29
54 6
35 4
23 48
24 21
10 3
12 35
35 32
31 33
33 2
26 14
20 45
33 12
10 10
30 7
5 17
12 45
49 27
21 17
36 12
47 10
27 47
35 28
28 4
27 0
9 24
47 38
11 33
21 7
55 40
16 19
30 11
50 45
54 25
7 21
23 30
19 17
50 6
17 46
8 15
28 46
4 10
47 17
33 41
47 6
41 46
37 2
13 19
43 16
32 4
37 26
32 19
6 43
49 36
37 20
20 30
28 49
10 28
34 28
48 21
40 42
53 24
1 23
36 37
25 34
28 17
34 7
26 4
34 42
56 17
50 34
37 21
26 6
42 15
39 35
56 6
3 7
31 15
14 1
2 38
2 10
34 33
36 2
54 11
12 24
5 35
47 40
25 27
24 28
31 43
18 17
12 20
52 19
16 31
0 30
1 35
54 41
22 46
28 31
35 34
43 14
1 46
1 7
1 3
26 17
33 1
21 47
10 30
1 49
29 27
20 4
30 22
29 13
48 9
8 1
40 6
42 33
40 28
35 29
14 35
54 0
28 24
40 10
45 44
18 7
2 15
37 30
3 9
51 9
34 36
37 18
56 23
0 49
54 42
10 34
53 8
15 34
32 7
54 40
35 2
7 19
37 46
15 8
49 4
41 39
6 36
9 22
29 16
48 13
6 8
42 42
27 35
18 3
53 10
38 8
19 21
46 47
48 48
38 17
23 38
53 28
4 0
9 5
28 5
25 23
14 4
34 6
30 23
29 10
54 10
21 6
30 29
39 5
9 31
14 3
14 14
34 30
46 40
35 45
49 41
46 20
17 19
52 47
39 16
3 28
7 2
13 25
52 2
38 33
56 24
3 16
32 20
42 13
55 44
6 38
41 10
20 25
14 9
48 37
41 30
50 41
7 43
1 27
7 22
39 9
5 5
43 10
54 32
2 43
10 43
17 23
46 4
50 36
51 15
53 12
22 24
53 3
18 20
6 19
44 49
17 42
10 7
17 9
28 35
14 38
48 8
5 23
23 33
11 9
41 23
9 0
27 36
4 41
11 16
41 16
4 21
29 7
0 41
14 24
29 45
25 22
11 2
22 36
33 22
1 30
39 6
35 20
48 29
44 24
52 8
25 37
9 3
55 47
51 44
44 41
25 35
33 39
20 2
29 36
18 15
20 44
40 7
12 37
12 28
10 15
11 35
22 38
51 30
16 37
40 19
6 5
46 35
7 1
7 34
19 14
5 40
37 49
13 17
13 21
5 2
20 47
12 12
33 5
25 33
17 3
8 4
1 14
45 47
8 38
24 17
18 40
9 15
5 47
15 46
48 5
26 25
23 44
51 4
49 45
2 9
15 9
34 21
10 40
13 49
30 33
3 22
23 16
6 21
13 37
36 7
46 13
31 39
2 34
4 2
34 5
48 12
3 40
10 26
43 26
19 29
29 40
19 45
46 15
14 39
0 29
34 44
36 33
52 33
0 27
25 49
15 11
54 17
54 43
56 14
49 23
26 16
42 47
44 34
33 11
2 47
10 22
25 5
51 19
23 39
3 10
11 18
43 3
36 15
8 17
8 10
44 37
39 18
43 37
42 45
12 31
45 12
33 35
53 49
28 40
52 27
37 17
41 41
50 46
31 0
19 35
29 24
45 42
14 30
4 38
28 47
55 14
16 6
43 40
6 1
53 39
50 4
19 20
39 31
22 35
14 2
23 36
37 5
50 20
21 20
56 39
29 1
54 34
3 6
30 13
15 38
36 25
41 7
15 36
13 22
24 7
51 11
30 25
53 21
30 8
4 13
48 41
22 20
15 29
11 24
38 11
45 45
45 20
18 23
49 46
13 24
7 42
14 40
26 36
1 17
43 22
31 26
28 20
35 17
49 8
24 9
21 15
33 15
8 19
16 11
31 21
8 6
2 25
32 22
1 19
14 45
15 26
1 1
16 17
46 11
9 36
44 35
52 13
56 34
22 43
32 48
3 42
55 15
38 49
52 43
12 18
34 23
31 12
50 7
21 21
53 35
52 17
26 33
25 11
24 0
3 37
10 5
20 5
6 23
51 48
8 12
16 3
41 13
14 36
46 12
5 36
23 28
3 18
31 5
6 40
45 7
42 22
2 41
24 37
35 11
6 16
12 3
20 21
21 30
49 2
4 15
26 0
41 22
8 47
46 32
26 28
6 34
29 12
18 2
3 45
52 6
45 26
4 32
34 11
31 14
27 32
41 34
50 49
19 3
19 30
45 15
34 20
36 41
2 39
35 0
15 15
40 40
42 28
56 27
14 43
35 36
46 48
56 33
41 3
41 47
38 40
48 26
26 39
50 3
35 19
24 45
20 17
45 18
40 30
15 22
5 6
38 16
26 23
15 43
51 49
27 37
5 38
15 44
50 13
56 46
36 6
44 18
32 47
24 23
8 16
28 9
24 26
41 14
41 5
21 16
26 1
25 25
3 32
40 20
38 13
19 12
11 26
18 49
22 3
41 25
1 15
51 0
15 0
50 14
53 4
45 21
20 23
33 8
48 18
25 18
26 41
38 37
24 11
31 28
44 36
15 3
46 23
34 9
17 28
13 35
34 49
28 28
20 40
44 47
44 29
15 21
23 31
48 15
33 16
35 40
23 43
36 22
48 1
38 28
56 4
49 6
52 10
15 23
27 43
45 29
23 49
5 28
47 42
24 3
21 2
0 4
54 14
51 27
41 38
34 47
12 38
32 3
28 32
42 36
27 15
34 13
52 34
19 25
16 16
25 39
56 45
2 31
10 44
8 22
46 8
10 41
9 30
56 22
36 47
28 23
51 24
14 26
32 37
0 16
40 45
6 18
24 40
49 3
42 24
40 44
49 21
38 48
1 18
5 15
40 29
28 12
55 18
15 24
23 23
9 29
0 35
52 0
9 43
27 11
54 45
47 25
7 11
42 34
56 3
44 1
7 17
45 35
17 33
34 46
56 11
39 32
49 34
19 5
12 7
3 20
37 47
6 37
12 39
53 29
9 25
25 8
26 44
15 13
40 26
22 11
21 27
37 41
20 27
32 45
39 0
43 28
34 25
19 16
37 9
7 33
7 16
13 40
26 42
24 15
35 5
15 49
8 33
13 46
29 35
17 1
53 16
0 7
32 16
53 40
19 42
12 34
7 49
33 17
24 16
17 13
9 17
12 42
38 21
37 28
52 3
55 39
6 27
43 29
47 3
8 13
17 11
43 19
16 5
50 16
22 27
39 29
24 20
54 4
5 22
11 19
45 6
44 30
51 29
24 35
2 21
1 4
24 18
54 27
6 3
47 46
28 10
2 49
3 19
42 39
41 20
5 49
55 48
49 24
20 0
29 33
43 41
37 40
38 5
13 7
37 27
2 0
29 6
32 11
9 41
44 11
37 37
12 32
0 45
31 23
34 41
33 45
23 45
40 41
11 11
12 44
53 23
44 4
18 34
50 30
21 45
19 0
44 6
35 47
11 14
14 11
38 9
18 19
23 0
38 0
51 1
3 31
48 39
33 31
36 20
55 4
44 25
1 37
45 2
11 6
47 27
46 10
43 17
0 1
47 35
1 32
42 3
35 3
44 26
17 31
52 41
39 41
37 34
49 9
34 12
36 32
55 43
45 14
24 34
54 16
3 46
4 12
20 39
54 12
50 33
16 20
21 18
27 18
29 21
21 12
23 8
40 37
55 17
41 35
10 46
15 39
31 30
52 15
38 46
42 5
46 29
22 28
43 32
36 26
5 8
30 39
30 48
43 43
47 34
2 7
22 15
48 38
8 9
50 10
5 31
17 30
48 31
28 33
42 11
35 35
20 7
56 5
6 12
25 17
52 26
45 24
54 33
20 24
51 42
4 42
32 29
18 30
25 41
8 20
9 7
27 4
7 7
36 17
41 15
31 17
52 22
16 12
16 18
28 37
31 19
55 45
9 46
21 25
53 19
26 5
35 8
46 33
26 40
10 29
38 20
14 28
12 23
39 28
0 3
32 1
5 16
13 13
4 7
0 26
48 23
25 45
40 8
35 33
4 46
16 24
41 28
1 22
32 26
31 6
37 43
11 4
50 29
1 21
16 1
9 13
4 4
38 32
38 29
18 45
21 41
16 42
47 13
19 40
21 19
39 44
55 31
35 6
30 37
4 31
49 17
35 18
12 29
23 14
9 34
20 10
30 15
8 40
52 28
30 31
31 22
4 16
35 41
9 6
25 28
21 10
25 48
5 24
29 2
38 14
17 21
45 41
52 42
52 20
3 23
33 43
54 37
15 28
14 46
54 48
45 30
34 27
39 23
53 48
3 8
55 46
29 42
22 6
8 3
31 48
30 41
6 22
54 46
8 32
44 45
12 22
27 17
16 43
24 25
55 41
44 3
48 45
54 2
34 10
40 0
14 41
2 19
11 21
41 11
56 12
51 46
41 31
11 46
20 14
16 27
43 25
21 1
40 36
30 44
51 3
41 21
53 31
12 5
36 30
6 39
35 16
33 14
43 24
3 1
6 17
15 33
45 23
36 45
49 31
46 2
27 7
44 5
54 23
50 44
37 45
34 37
22 23
1 2
41 40
51 34
44 8
46 49
2 8
38 6
26 10
2 29
47 45
47 20
50 32
28 22
22 10
55 34
36 11
8 28
45 22
50 15
19 9
17 29
22 8
22 32
20 20
13 44
25 9
51 33
33 40
7 14
48 24
54 19
1 12
47 26
28 15
27 46
5 48
52 16
11 5
18 41
0 32
47 43
16 26
27 28
40 21
46 24
24 44
33 24
21 39
41 18
11 22
4 14
47 48
55 42
37 22
38 4
31 34
3 34
49 42
21 24
14 25
6 11
20 43
51 21
14 34
8 35
53 43
19 39
3 41
34 43
5 37
0 25
26 37
19 22
45 31
1 11
5 7
53 38
40 16
2 11
42 10
49 10
50 23
36 3
34 8
32 44
23 17
27 3
18 36
6 31
42 31
0 38
0 5
51 10
42 32
5 1
14 47
26 8
53 45
25 12
2 20
8 7
56 18
35 46
35 38
5 20
21 35
35 44
11 30
52 48
38 12
4 33
7 13
33 46
32 23
40 15
28 30
14 23
43 31
23 7
53 44
20 37
52 45
47 22
56 48
52 37
28 39
49 43
22 45
51 32
50 25
13 34
12 13
42 7
52 32
31 8
8 26
49 20
12 10
30 9
54 28
53 7
40 3
4 35
18 28
54 30
26 43
11 0
18 21
24 2
13 9
15 47
11 41
49 35
9 44
17 36
24 22
47 33
0 8
46 41
9 1
41 0
46 1
9 45
48 6
14 16
53 30
21 8
19 37
4 18
32 40
13 39
21 46
2 12
34 4
17 15
27 44
46 44
22 7
16 34
31 24
55 33
30 49
56 10
12 19
18 42
5 18
